67 0.590625 0.470833 0.346875 0.233333
60 0.499219 0.608333 0.989062 0.766667
49 0.867969 0.421875 0.148438 0.185417
47 0.285937 0.413542 0.2 0.25625
49 0.419531 0.629167 0.173438 0.216667
64 0.750781 0.721875 0.242188 0.24375
67 0.590625 0.470833 0.346875 0.233333
60 0.499219 0.608333 0.989062 0.766667
49 0.867969 0.421875 0.148438 0.185417
47 0.285937 0.413542 0.2 0.25625
49 0.419531 0.629167 0.173438 0.216667
64 0.750781 0.721875 0.242188 0.24375
67 0.590625 0.470833 0.346875 0.233333
60 0.499219 0.608333 0.989062 0.766667
49 0.867969 0.421875 0.148438 0.185417
47 0.285937 0.413542 0.2 0.25625
49 0.419531 0.629167 0.173438 0.216667
64 0.750781 0.721875 0.242188 0.24375
67 0.590625 0.470833 0.346875 0.233333
60 0.499219 0.608333 0.989062 0.766667
49 0.867969 0.421875 0.148438 0.185417
47 0.285937 0.413542 0.2 0.25625
49 0.419531 0.629167 0.173438 0.216667
64 0.750781 0.721875 0.242188 0.24375
67 0.590625 0.470833 0.346875 0.233333
60 0.499219 0.608333 0.989062 0.766667
49 0.867969 0.421875 0.148438 0.185417
47 0.285937 0.413542 0.2 0.25625
49 0.419531 0.629167 0.173438 0.216667
64 0.750781 0.721875 0.242188 0.24375
67 0.590625 0.470833 0.346875 0.233333
60 0.499219 0.608333 0.989062 0.766667
49 0.867969 0.421875 0.148438 0.185417
47 0.285937 0.413542 0.2 0.25625
49 0.419531 0.629167 0.173438 0.216667
64 0.750781 0.721875 0.242188 0.24375
67 0.590625 0.470833 0.346875 0.233333
60 0.499219 0.608333 0.989062 0.766667
49 0.867969 0.421875 0.148438 0.185417
47 0.285937 0.413542 0.2 0.25625
49 0.419531 0.629167 0.173438 0.216667
64 0.750781 0.721875 0.242188 0.24375
67 0.590625 0.470833 0.346875 0.233333
60 0.499219 0.608333 0.989062 0.766667
49 0.867969 0.421875 0.148438 0.185417
47 0.285937 0.413542 0.2 0.25625
49 0.419531 0.629167 0.173438 0.216667
64 0.750781 0.721875 0.242188 0.24375
67 0.590625 0.470833 0.346875 0.233333
60 0.499219 0.608333 0.989062 0.766667
49 0.867969 0.421875 0.148438 0.185417
47 0.285937 0.413542 0.2 0.25625
49 0.419531 0.629167 0.173438 0.216667
64 0.750781 0.721875 0.242188 0.24375
67 0.590625 0.470833 0.346875 0.233333
60 0.499219 0.608333 0.989062 0.766667
49 0.867969 0.421875 0.148438 0.185417
47 0.285937 0.413542 0.2 0.25625
49 0.419531 0.629167 0.173438 0.216667
64 0.750781 0.721875 0.242188 0.24375
67 0.590625 0.470833 0.346875 0.233333
60 0.499219 0.608333 0.989062 0.766667
49 0.867969 0.421875 0.148438 0.185417
47 0.285937 0.413542 0.2 0.25625
49 0.419531 0.629167 0.173438 0.216667
64 0.750781 0.721875 0.242188 0.24375
67 0.590625 0.470833 0.346875 0.233333
60 0.499219 0.608333 0.989062 0.766667
49 0.867969 0.421875 0.148438 0.185417
47 0.285937 0.413542 0.2 0.25625
49 0.419531 0.629167 0.173438 0.216667
64 0.750781 0.721875 0.242188 0.24375
67 0.590625 0.470833 0.346875 0.233333
60 0.499219 0.608333 0.989062 0.766667
49 0.867969 0.421875 0.148438 0.185417
47 0.285937 0.413542 0.2 0.25625
49 0.419531 0.629167 0.173438 0.216667
64 0.750781 0.721875 0.242188 0.24375
67 0.590625 0.470833 0.346875 0.233333
60 0.499219 0.608333 0.989062 0.766667
49 0.867969 0.421875 0.148438 0.185417
47 0.285937 0.413542 0.2 0.25625
49 0.419531 0.629167 0.173438 0.216667
64 0.750781 0.721875 0.242188 0.24375
