60 0.5 0.660417 0.9875 0.654167
43 0.596094 0.489583 0.307813 0.141667
47 0.301562 0.432292 0.196875 0.24375
49 0.861719 0.420833 0.145313 0.179167
64 0.782812 0.632292 0.253125 0.185417
49 0.445312 0.561458 0.175 0.222917
60 0.5 0.660417 0.9875 0.654167
43 0.596094 0.489583 0.307813 0.141667
47 0.301562 0.432292 0.196875 0.24375
49 0.861719 0.420833 0.145313 0.179167
64 0.782812 0.632292 0.253125 0.185417
49 0.445312 0.561458 0.175 0.222917
60 0.5 0.660417 0.9875 0.654167
43 0.596094 0.489583 0.307813 0.141667
47 0.301562 0.432292 0.196875 0.24375
49 0.861719 0.420833 0.145313 0.179167
64 0.782812 0.632292 0.253125 0.185417
49 0.445312 0.561458 0.175 0.222917
60 0.5 0.660417 0.9875 0.654167
43 0.596094 0.489583 0.307813 0.141667
47 0.301562 0.432292 0.196875 0.24375
49 0.861719 0.420833 0.145313 0.179167
64 0.782812 0.632292 0.253125 0.185417
49 0.445312 0.561458 0.175 0.222917
60 0.5 0.660417 0.9875 0.654167
43 0.596094 0.489583 0.307813 0.141667
47 0.301562 0.432292 0.196875 0.24375
49 0.861719 0.420833 0.145313 0.179167
64 0.782812 0.632292 0.253125 0.185417
49 0.445312 0.561458 0.175 0.222917
60 0.5 0.660417 0.9875 0.654167
43 0.596094 0.489583 0.307813 0.141667
47 0.301562 0.432292 0.196875 0.24375
49 0.861719 0.420833 0.145313 0.179167
64 0.782812 0.632292 0.253125 0.185417
49 0.445312 0.561458 0.175 0.222917
60 0.5 0.660417 0.9875 0.654167
43 0.596094 0.489583 0.307813 0.141667
47 0.301562 0.432292 0.196875 0.24375
49 0.861719 0.420833 0.145313 0.179167
64 0.782812 0.632292 0.253125 0.185417
49 0.445312 0.561458 0.175 0.222917
60 0.5 0.660417 0.9875 0.654167
43 0.596094 0.489583 0.307813 0.141667
47 0.301562 0.432292 0.196875 0.24375
49 0.861719 0.420833 0.145313 0.179167
64 0.782812 0.632292 0.253125 0.185417
49 0.445312 0.561458 0.175 0.222917
60 0.5 0.660417 0.9875 0.654167
43 0.596094 0.489583 0.307813 0.141667
47 0.301562 0.432292 0.196875 0.24375
49 0.861719 0.420833 0.145313 0.179167
64 0.782812 0.632292 0.253125 0.185417
49 0.445312 0.561458 0.175 0.222917
60 0.5 0.660417 0.9875 0.654167
43 0.596094 0.489583 0.307813 0.141667
47 0.301562 0.432292 0.196875 0.24375
49 0.861719 0.420833 0.145313 0.179167
64 0.782812 0.632292 0.253125 0.185417
49 0.445312 0.561458 0.175 0.222917
60 0.5 0.660417 0.9875 0.654167
43 0.596094 0.489583 0.307813 0.141667
47 0.301562 0.432292 0.196875 0.24375
49 0.861719 0.420833 0.145313 0.179167
64 0.782812 0.632292 0.253125 0.185417
49 0.445312 0.561458 0.175 0.222917
60 0.5 0.660417 0.9875 0.654167
43 0.596094 0.489583 0.307813 0.141667
47 0.301562 0.432292 0.196875 0.24375
49 0.861719 0.420833 0.145313 0.179167
64 0.782812 0.632292 0.253125 0.185417
49 0.445312 0.561458 0.175 0.222917
60 0.5 0.660417 0.9875 0.654167
43 0.596094 0.489583 0.307813 0.141667
47 0.301562 0.432292 0.196875 0.24375
49 0.861719 0.420833 0.145313 0.179167
64 0.782812 0.632292 0.253125 0.185417
49 0.445312 0.561458 0.175 0.222917
60 0.5 0.660417 0.9875 0.654167
43 0.596094 0.489583 0.307813 0.141667
47 0.301562 0.432292 0.196875 0.24375
49 0.861719 0.420833 0.145313 0.179167
64 0.782812 0.632292 0.253125 0.185417
49 0.445312 0.561458 0.175 0.222917
