60 0.5 0.686458 1 0.61875
47 0.267188 0.4875 0.190625 0.241667
49 0.401563 0.6375 0.16875 0.2125
49 0.814062 0.477083 0.1375 0.170833
64 0.722656 0.709375 0.239063 0.19375
60 0.5 0.686458 1 0.61875
47 0.267188 0.4875 0.190625 0.241667
49 0.401563 0.6375 0.16875 0.2125
49 0.814062 0.477083 0.1375 0.170833
64 0.722656 0.709375 0.239063 0.19375
60 0.5 0.686458 1 0.61875
47 0.267188 0.4875 0.190625 0.241667
49 0.401563 0.6375 0.16875 0.2125
49 0.814062 0.477083 0.1375 0.170833
64 0.722656 0.709375 0.239063 0.19375
60 0.5 0.686458 1 0.61875
47 0.267188 0.4875 0.190625 0.241667
49 0.401563 0.6375 0.16875 0.2125
49 0.814062 0.477083 0.1375 0.170833
64 0.722656 0.709375 0.239063 0.19375
60 0.5 0.686458 1 0.61875
47 0.267188 0.4875 0.190625 0.241667
49 0.401563 0.6375 0.16875 0.2125
49 0.814062 0.477083 0.1375 0.170833
64 0.722656 0.709375 0.239063 0.19375
60 0.5 0.686458 1 0.61875
47 0.267188 0.4875 0.190625 0.241667
49 0.401563 0.6375 0.16875 0.2125
49 0.814062 0.477083 0.1375 0.170833
64 0.722656 0.709375 0.239063 0.19375
60 0.5 0.686458 1 0.61875
47 0.267188 0.4875 0.190625 0.241667
49 0.401563 0.6375 0.16875 0.2125
49 0.814062 0.477083 0.1375 0.170833
64 0.722656 0.709375 0.239063 0.19375
60 0.5 0.686458 1 0.61875
47 0.267188 0.4875 0.190625 0.241667
49 0.401563 0.6375 0.16875 0.2125
49 0.814062 0.477083 0.1375 0.170833
64 0.722656 0.709375 0.239063 0.19375
60 0.5 0.686458 1 0.61875
47 0.267188 0.4875 0.190625 0.241667
49 0.401563 0.6375 0.16875 0.2125
49 0.814062 0.477083 0.1375 0.170833
64 0.722656 0.709375 0.239063 0.19375
60 0.5 0.686458 1 0.61875
47 0.267188 0.4875 0.190625 0.241667
49 0.401563 0.6375 0.16875 0.2125
49 0.814062 0.477083 0.1375 0.170833
64 0.722656 0.709375 0.239063 0.19375
60 0.5 0.686458 1 0.61875
47 0.267188 0.4875 0.190625 0.241667
49 0.401563 0.6375 0.16875 0.2125
49 0.814062 0.477083 0.1375 0.170833
64 0.722656 0.709375 0.239063 0.19375
60 0.5 0.686458 1 0.61875
47 0.267188 0.4875 0.190625 0.241667
49 0.401563 0.6375 0.16875 0.2125
49 0.814062 0.477083 0.1375 0.170833
64 0.722656 0.709375 0.239063 0.19375
60 0.5 0.686458 1 0.61875
47 0.267188 0.4875 0.190625 0.241667
49 0.401563 0.6375 0.16875 0.2125
49 0.814062 0.477083 0.1375 0.170833
64 0.722656 0.709375 0.239063 0.19375
60 0.5 0.686458 1 0.61875
47 0.267188 0.4875 0.190625 0.241667
49 0.401563 0.6375 0.16875 0.2125
49 0.814062 0.477083 0.1375 0.170833
64 0.722656 0.709375 0.239063 0.19375
