60 0.5 0.626042 1 0.747917
67 0.66875 0.65625 0.3875 0.341667
47 0.369531 0.45 0.207813 0.254167
49 0.392188 0.239583 0.171875 0.225
49 0.774219 0.505208 0.164062 0.19375
64 0.410156 0.7 0.270312 0.216667
60 0.5 0.626042 1 0.747917
67 0.66875 0.65625 0.3875 0.341667
47 0.369531 0.45 0.207813 0.254167
49 0.392188 0.239583 0.171875 0.225
49 0.774219 0.505208 0.164062 0.19375
64 0.410156 0.7 0.270312 0.216667
60 0.5 0.626042 1 0.747917
67 0.66875 0.65625 0.3875 0.341667
47 0.369531 0.45 0.207813 0.254167
49 0.392188 0.239583 0.171875 0.225
49 0.774219 0.505208 0.164062 0.19375
64 0.410156 0.7 0.270312 0.216667
60 0.5 0.626042 1 0.747917
67 0.66875 0.65625 0.3875 0.341667
47 0.369531 0.45 0.207813 0.254167
49 0.392188 0.239583 0.171875 0.225
49 0.774219 0.505208 0.164062 0.19375
64 0.410156 0.7 0.270312 0.216667
60 0.5 0.626042 1 0.747917
67 0.66875 0.65625 0.3875 0.341667
47 0.369531 0.45 0.207813 0.254167
49 0.392188 0.239583 0.171875 0.225
49 0.774219 0.505208 0.164062 0.19375
64 0.410156 0.7 0.270312 0.216667
60 0.5 0.626042 1 0.747917
67 0.66875 0.65625 0.3875 0.341667
47 0.369531 0.45 0.207813 0.254167
49 0.392188 0.239583 0.171875 0.225
49 0.774219 0.505208 0.164062 0.19375
64 0.410156 0.7 0.270312 0.216667
60 0.5 0.626042 1 0.747917
67 0.66875 0.65625 0.3875 0.341667
47 0.369531 0.45 0.207813 0.254167
49 0.392188 0.239583 0.171875 0.225
49 0.774219 0.505208 0.164062 0.19375
64 0.410156 0.7 0.270312 0.216667
60 0.5 0.626042 1 0.747917
67 0.66875 0.65625 0.3875 0.341667
47 0.369531 0.45 0.207813 0.254167
49 0.392188 0.239583 0.171875 0.225
49 0.774219 0.505208 0.164062 0.19375
64 0.410156 0.7 0.270312 0.216667
60 0.5 0.626042 1 0.747917
67 0.66875 0.65625 0.3875 0.341667
47 0.369531 0.45 0.207813 0.254167
49 0.392188 0.239583 0.171875 0.225
49 0.774219 0.505208 0.164062 0.19375
64 0.410156 0.7 0.270312 0.216667
60 0.5 0.626042 1 0.747917
67 0.66875 0.65625 0.3875 0.341667
47 0.369531 0.45 0.207813 0.254167
49 0.392188 0.239583 0.171875 0.225
49 0.774219 0.505208 0.164062 0.19375
64 0.410156 0.7 0.270312 0.216667
60 0.5 0.626042 1 0.747917
67 0.66875 0.65625 0.3875 0.341667
47 0.369531 0.45 0.207813 0.254167
49 0.392188 0.239583 0.171875 0.225
49 0.774219 0.505208 0.164062 0.19375
64 0.410156 0.7 0.270312 0.216667
60 0.5 0.626042 1 0.747917
67 0.66875 0.65625 0.3875 0.341667
47 0.369531 0.45 0.207813 0.254167
49 0.392188 0.239583 0.171875 0.225
49 0.774219 0.505208 0.164062 0.19375
64 0.410156 0.7 0.270312 0.216667
60 0.5 0.626042 1 0.747917
67 0.66875 0.65625 0.3875 0.341667
47 0.369531 0.45 0.207813 0.254167
49 0.392188 0.239583 0.171875 0.225
49 0.774219 0.505208 0.164062 0.19375
64 0.410156 0.7 0.270312 0.216667
60 0.5 0.626042 1 0.747917
67 0.66875 0.65625 0.3875 0.341667
47 0.369531 0.45 0.207813 0.254167
49 0.392188 0.239583 0.171875 0.225
49 0.774219 0.505208 0.164062 0.19375
64 0.410156 0.7 0.270312 0.216667
