47 0.325781 0.560417 0.220313 0.266667
49 0.846094 0.60625 0.167187 0.195833
64 0.7625 0.722917 0.29375 0.183333
49 0.361719 0.322917 0.176563 0.220833
47 0.325781 0.560417 0.220313 0.266667
49 0.846094 0.60625 0.167187 0.195833
64 0.7625 0.722917 0.29375 0.183333
49 0.361719 0.322917 0.176563 0.220833
47 0.325781 0.560417 0.220313 0.266667
49 0.846094 0.60625 0.167187 0.195833
64 0.7625 0.722917 0.29375 0.183333
49 0.361719 0.322917 0.176563 0.220833
47 0.325781 0.560417 0.220313 0.266667
49 0.846094 0.60625 0.167187 0.195833
64 0.7625 0.722917 0.29375 0.183333
49 0.361719 0.322917 0.176563 0.220833
47 0.325781 0.560417 0.220313 0.266667
49 0.846094 0.60625 0.167187 0.195833
64 0.7625 0.722917 0.29375 0.183333
49 0.361719 0.322917 0.176563 0.220833
47 0.325781 0.560417 0.220313 0.266667
49 0.846094 0.60625 0.167187 0.195833
64 0.7625 0.722917 0.29375 0.183333
49 0.361719 0.322917 0.176563 0.220833
47 0.325781 0.560417 0.220313 0.266667
49 0.846094 0.60625 0.167187 0.195833
64 0.7625 0.722917 0.29375 0.183333
49 0.361719 0.322917 0.176563 0.220833
47 0.325781 0.560417 0.220313 0.266667
49 0.846094 0.60625 0.167187 0.195833
64 0.7625 0.722917 0.29375 0.183333
49 0.361719 0.322917 0.176563 0.220833
47 0.325781 0.560417 0.220313 0.266667
49 0.846094 0.60625 0.167187 0.195833
64 0.7625 0.722917 0.29375 0.183333
49 0.361719 0.322917 0.176563 0.220833
47 0.325781 0.560417 0.220313 0.266667
49 0.846094 0.60625 0.167187 0.195833
64 0.7625 0.722917 0.29375 0.183333
49 0.361719 0.322917 0.176563 0.220833
47 0.325781 0.560417 0.220313 0.266667
49 0.846094 0.60625 0.167187 0.195833
64 0.7625 0.722917 0.29375 0.183333
49 0.361719 0.322917 0.176563 0.220833
47 0.325781 0.560417 0.220313 0.266667
49 0.846094 0.60625 0.167187 0.195833
64 0.7625 0.722917 0.29375 0.183333
49 0.361719 0.322917 0.176563 0.220833
47 0.325781 0.560417 0.220313 0.266667
49 0.846094 0.60625 0.167187 0.195833
64 0.7625 0.722917 0.29375 0.183333
49 0.361719 0.322917 0.176563 0.220833
47 0.325781 0.560417 0.220313 0.266667
49 0.846094 0.60625 0.167187 0.195833
64 0.7625 0.722917 0.29375 0.183333
49 0.361719 0.322917 0.176563 0.220833
